name: entorno-distribuido
channels:
  - conda-forge
  - defaults
dependencies:
  - _openmp_mutex=4.5=20_gnu
  - bzip2=1.0.8=h2bbff1b_6
  - ca-certificates=2026.2.25=h4c7d964_0
  - libexpat=2.7.4=hd7fb8db_0
  - libffi=3.4.4=hd77b12b_1
  - libgcc=15.2.0=h8ee18e1_18
  - libgomp=15.2.0=h8ee18e1_18
  - libwinpthread=12.0.0.r4.gg4f2fc60ca=h57928b3_10
  - libzlib=1.3.1=h02ab6af_0
  - make=4.4.1=h0e40799_2
  - openssl=3.6.1=hf411b9b_1
  - packaging=25.0=py311haa95532_1
  - pip=26.0.1=pyhc872135_0
  - python=3.11.15=h1044e36_0
  - setuptools=80.10.2=py311haa95532_0
  - sqlite=3.51.2=hee5a0db_0
  - tk=8.6.15=hf199647_0
  - tzdata=2026a=he532380_0
  - ucrt=10.0.22621.0=haa95532_0
  - vc=14.3=h2df5915_10
  - vc14_runtime=14.44.35208=h4927774_10
  - vs2015_runtime=14.44.35208=ha6b5a95_10
  - wheel=0.46.3=py311haa95532_0
  - xz=5.8.2=h53af0af_0
  - zlib=1.3.1=h02ab6af_0
prefix: C:\Users\jesus\miniconda3\envs\entorno-distribuido
